   2   3   -1
   4   6   -2
   6   9   -3
   8   12   -4
   10   15   -5
   1   -2   2
   2   -4   4
   3   -6   6
   4   -8   8
   5   -10   10
   2   -4   4
   4   -8   8
   6   -12   12
   8   -16   16
   10   -20   20
   4   6   -2
   3   1   1
   4   -1   3
   4   6   -2
   6   9   -3
   8   12   -4
   10   15   -5
   12   18   -6
   3   1   1
   4   -1   3
   5   -3   5
   6   -5   7
   7   -7   9
   4   -1   3
   6   -5   7
   8   -9   11
   10   -13   15
   12   -17   19
   3   1   1
   2   -4   4
   3   -6   6
   3   1   1
   5   4   0
   7   7   -1
   9   10   -2
   11   13   -3
   2   -4   4
   3   -6   6
   4   -8   8
   5   -10   10
   6   -12   12
   3   -6   6
   5   -10   10
   7   -14   14
   9   -18   18
   11   -22   22
   4   -1   3
   3   -6   6
   4   -8   8
   4   -1   3
   6   2   2
   8   5   1
   10   8   0
   12   11   -1
   3   -6   6
   4   -8   8
   5   -10   10
   6   -12   12
   7   -14   14
   4   -8   8
   6   -12   12
   8   -16   16
   10   -20   20
   12   -24   24
   4   6   -2
   3   1   1
   4   -1   3
   4   6   -2
   6   9   -3
   8   12   -4
   10   15   -5
   12   18   -6
   3   1   1
   4   -1   3
   5   -3   5
   6   -5   7
   7   -7   9
   4   -1   3
   6   -5   7
   8   -9   11
   10   -13   15
   12   -17   19
   6   9   -3
   5   4   0
   6   2   2
   6   9   -3
   8   12   -4
   10   15   -5
   12   18   -6
   14   21   -7
   5   4   0
   6   2   2
   7   0   4
   8   -2   6
   9   -4   8
   6   2   2
   8   -2   6
   10   -6   10
   12   -10   14
   14   -14   18
   8   12   -4
   7   7   -1
   8   5   1
   8   12   -4
   10   15   -5
   12   18   -6
   14   21   -7
   16   24   -8
   7   7   -1
   8   5   1
   9   3   3
   10   1   5
   11   -1   7
   8   5   1
   10   1   5
   12   -3   9
   14   -7   13
   16   -11   17
   10   15   -5
   9   10   -2
   10   8   0
   10   15   -5
   12   18   -6
   14   21   -7
   16   24   -8
   18   27   -9
   9   10   -2
   10   8   0
   11   6   2
   12   4   4
   13   2   6
   10   8   0
   12   4   4
   14   0   8
   16   -4   12
   18   -8   16
   12   18   -6
   11   13   -3
   12   11   -1
   12   18   -6
   14   21   -7
   16   24   -8
   18   27   -9
   20   30   -10
   11   13   -3
   12   11   -1
   13   9   1
   14   7   3
   15   5   5
   12   11   -1
   14   7   3
   16   3   7
   18   -1   11
   20   -5   15
   3   1   1
   2   -4   4
   3   -6   6
   3   1   1
   5   4   0
   7   7   -1
   9   10   -2
   11   13   -3
   2   -4   4
   3   -6   6
   4   -8   8
   5   -10   10
   6   -12   12
   3   -6   6
   5   -10   10
   7   -14   14
   9   -18   18
   11   -22   22
   4   -1   3
   3   -6   6
   4   -8   8
   4   -1   3
   6   2   2
   8   5   1
   10   8   0
   12   11   -1
   3   -6   6
   4   -8   8
   5   -10   10
   6   -12   12
   7   -14   14
   4   -8   8
   6   -12   12
   8   -16   16
   10   -20   20
   12   -24   24
   5   -3   5
   4   -8   8
   5   -10   10
   5   -3   5
   7   0   4
   9   3   3
   11   6   2
   13   9   1
   4   -8   8
   5   -10   10
   6   -12   12
   7   -14   14
   8   -16   16
   5   -10   10
   7   -14   14
   9   -18   18
   11   -22   22
   13   -26   26
   6   -5   7
   5   -10   10
   6   -12   12
   6   -5   7
   8   -2   6
   10   1   5
   12   4   4
   14   7   3
   5   -10   10
   6   -12   12
   7   -14   14
   8   -16   16
   9   -18   18
   6   -12   12
   8   -16   16
   10   -20   20
   12   -24   24
   14   -28   28
   7   -7   9
   6   -12   12
   7   -14   14
   7   -7   9
   9   -4   8
   11   -1   7
   13   2   6
   15   5   5
   6   -12   12
   7   -14   14
   8   -16   16
   9   -18   18
   10   -20   20
   7   -14   14
   9   -18   18
   11   -22   22
   13   -26   26
   15   -30   30
   4   -1   3
   3   -6   6
   4   -8   8
   4   -1   3
   6   2   2
   8   5   1
   10   8   0
   12   11   -1
   3   -6   6
   4   -8   8
   5   -10   10
   6   -12   12
   7   -14   14
   4   -8   8
   6   -12   12
   8   -16   16
   10   -20   20
   12   -24   24
   6   -5   7
   5   -10   10
   6   -12   12
   6   -5   7
   8   -2   6
   10   1   5
   12   4   4
   14   7   3
   5   -10   10
   6   -12   12
   7   -14   14
   8   -16   16
   9   -18   18
   6   -12   12
   8   -16   16
   10   -20   20
   12   -24   24
   14   -28   28
   8   -9   11
   7   -14   14
   8   -16   16
   8   -9   11
   10   -6   10
   12   -3   9
   14   0   8
   16   3   7
   7   -14   14
   8   -16   16
   9   -18   18
   10   -20   20
   11   -22   22
   8   -16   16
   10   -20   20
   12   -24   24
   14   -28   28
   16   -32   32
   10   -13   15
   9   -18   18
   10   -20   20
   10   -13   15
   12   -10   14
   14   -7   13
   16   -4   12
   18   -1   11
   9   -18   18
   10   -20   20
   11   -22   22
   12   -24   24
   13   -26   26
   10   -20   20
   12   -24   24
   14   -28   28
   16   -32   32
   18   -36   36
   12   -17   19
   11   -22   22
   12   -24   24
   12   -17   19
   14   -14   18
   16   -11   17
   18   -8   16
   20   -5   15
   11   -22   22
   12   -24   24
   13   -26   26
   14   -28   28
   15   -30   30
   12   -24   24
   14   -28   28
   16   -32   32
   18   -36   36
   20   -40   40
