   7
   14
   21
   28
   35
   -1
   -2
   -3
   -4
   -5
   -2
   -4
   -6
   -8
   -10
   14
   6
   5
   14
   21
   28
   35
   42
   6
   5
   4
   3
   2
   5
   3
   1
   -1
   -3
   6
   -2
   -3
   6
   13
   20
   27
   34
   -2
   -3
   -4
   -5
   -6
   -3
   -5
   -7
   -9
   -11
   5
   -3
   -4
   5
   12
   19
   26
   33
   -3
   -4
   -5
   -6
   -7
   -4
   -6
   -8
   -10
   -12
   14
   6
   5
   14
   21
   28
   35
   42
   6
   5
   4
   3
   2
   5
   3
   1
   -1
   -3
   21
   13
   12
   21
   28
   35
   42
   49
   13
   12
   11
   10
   9
   12
   10
   8
   6
   4
   28
   20
   19
   28
   35
   42
   49
   56
   20
   19
   18
   17
   16
   19
   17
   15
   13
   11
   35
   27
   26
   35
   42
   49
   56
   63
   27
   26
   25
   24
   23
   26
   24
   22
   20
   18
   42
   34
   33
   42
   49
   56
   63
   70
   34
   33
   32
   31
   30
   33
   31
   29
   27
   25
   6
   -2
   -3
   6
   13
   20
   27
   34
   -2
   -3
   -4
   -5
   -6
   -3
   -5
   -7
   -9
   -11
   5
   -3
   -4
   5
   12
   19
   26
   33
   -3
   -4
   -5
   -6
   -7
   -4
   -6
   -8
   -10
   -12
   4
   -4
   -5
   4
   11
   18
   25
   32
   -4
   -5
   -6
   -7
   -8
   -5
   -7
   -9
   -11
   -13
   3
   -5
   -6
   3
   10
   17
   24
   31
   -5
   -6
   -7
   -8
   -9
   -6
   -8
   -10
   -12
   -14
   2
   -6
   -7
   2
   9
   16
   23
   30
   -6
   -7
   -8
   -9
   -10
   -7
   -9
   -11
   -13
   -15
   5
   -3
   -4
   5
   12
   19
   26
   33
   -3
   -4
   -5
   -6
   -7
   -4
   -6
   -8
   -10
   -12
   3
   -5
   -6
   3
   10
   17
   24
   31
   -5
   -6
   -7
   -8
   -9
   -6
   -8
   -10
   -12
   -14
   1
   -7
   -8
   1
   8
   15
   22
   29
   -7
   -8
   -9
   -10
   -11
   -8
   -10